5

2863.19      0      353.265      
0      2875.62      171.75      
0      0      1      
-0.488331   9.20387   -0.00572312   0.00139722   
-0.493558          -0.853792          0.16565          -3.13168          
-0.519144          0.136407          -0.843731          8.65172          
0.697775          -0.502426          -0.510566          117.948  
0	0	0	1.0

2862      0      360.233      
0      2869.22      262.137      
0      0      1      
-0.508306   10.5456   -0.00416096   -0.000301566   
-0.0136852          -0.995965          0.0886953          -7.83303          
-0.681542          -0.055615          -0.729663          4.26337          
0.731651          -0.0704352          -0.678031          120.706 
0	0	0	1.0

2782.74      0      256.478      
0      2792.11      282.579      
0      0      1      
-0.400851   2.73266   -0.0099566   -0.000609371  
-0.082669          0.995835          0.0384527          12.3017          
0.548616          0.0776873          -0.832457          -2.92537          
-0.831977          -0.0477227          -0.552753          129.233    
0	0	0	1.0


2829.76      0      417.112      
0      2848.68      195.316      
0      0      1      
-0.380337   5.90254   -0.0019494   -0.000211833 
0.895326          0.247989          0.369991          -7.86047          
0.444907          -0.458395          -0.769371          -1.27701          
-0.0211936          0.85345          -0.520744          136.653  
0	0	0	1.0


2885.46      0      430.352      
0      2891.91      176.719      
0      0      1      
-0.294856   2.59806   -0.00929773   0.00532366  
-0.849066          0.521628          -0.0836155          2.305          
0.335247          0.409696          -0.848386          3.97747          
-0.408285          -0.748367          -0.522733          126.678  
0	0	0	1.0 