8

2194.16      0      477.352      
0      2185.83      506.518      
0      0      1      
-0.096528   0.478754   0.000489291   -0.00959233   
-0.279412          -0.958738          0.0524488          -8.13699          
-0.220158          0.0108018          -0.975404          26.8979          
0.93459          -0.284087          -0.214092          119.476          
0          0          0          1

2196.89      0      532.471      
0      2188.12      476.218      
0      0      1      
-0.0299823   -0.389518   -0.00607929   0.00208485   
-0.942827          0.333197          -0.0075416          12.7804          
0.0942008          0.244712          -0.965009          25.1592          
-0.319692          -0.910547          -0.262109          123.444          
0          0          0          1

2218.72      0      596.679      
0      2209.36      467.335      
0      0      1      
-0.0323305   0.0181829   -0.00415299   0.0114859   
-0.105179          -0.994321          -0.0162195          -19.595          
-0.202407          0.0373734          -0.978588          22.2744          
0.973637          -0.0996439          -0.205188          124.049          
0          0          0          1

2213.88      0      432.581      
0      2203.71      459.93      
0      0      1      
-0.0764451   0.302158   -0.00549703   -0.0202602   
-0.999232          -0.0338457          -0.0197528          11.6957          
0.0101126          0.264277          -0.964394          21.9262          
0.0378608          -0.963853          -0.263731          121.583          
0          0          0          1

2187.17      0      553.388      
0      2183.62      439.158      
0      0      1      
-0.103189   0.293695   -0.00931745   -0.00312023   
0.462181          0.886529          -0.0213275          -0.0792252          
0.13694          -0.0951126          -0.986003          24.2531          
-0.876149          0.452791          -0.165361          142.269          
0          0          0          1

2249.19      0      468.291      
0      2239.8      462.537      
0      0      1      
0.00194204   -0.236986   -0.00655808   -0.0128928   
0.989          0.039135          0.142646          -6.83192          
0.14698          -0.151619          -0.97745          25.3019          
-0.0166246          0.987664          -0.155704          145.322          
0          0          0          1

2211.87      0      559.177      
0      2203.96      488.224      
0      0      1      
-0.037492   0.0280115   -0.00215323   0.00651075   
0.928411          -0.366312          -0.0621987          -13.2591          
-0.123185          -0.145528          -0.981655          23.7064          
0.35054          0.919041          -0.180234          140.412          
0          0          0          1

2165.74      0      563.115      
0      2154.65      443.112      
0      0      1      
-0.0582459   -0.156919   -0.011406   0.00406608   
0.0844141          0.996012          0.028899          5.51371          
0.230748          0.00867424          -0.972975          21.3006          
-0.969345          0.0888012          -0.229096          136.686          
0          0          0          1